[?25l[0m [38;2;0;0;0m     [0m  [38;2;153;126;117m▂[38;2;232;184;168m▃[7m[38;2;216;172;157m▀[0m[38;2;210;171;157m▃[38;2;203;165;151m▂[0m [38;2;72;61;60m      [0m
 [38;2;0;0;0m    [0m [38;2;72;68;66;48;2;73;68;64m▁[0m[38;2;94;88;81m▆[38;2;147;123;113;48;2;225;179;163m▍[38;2;202;162;147;48;2;218;173;158m▕[38;2;233;185;168;48;2;162;124;110m▃[38;2;245;189;174;48;2;194;153;138m▁[38;2;119;92;85;48;2;201;158;144m▗[38;2;140;123;116;48;2;231;188;174m▝[0m[38;2;139;124;116m▖[0m [38;2;65;57;55m    [0m
 [38;2;0;0;0m    [38;2;72;66;63m▝[38;2;127;114;107;48;2;87;74;68m▖[38;2;117;105;98;48;2;221;176;160m▘[38;2;202;153;134;48;2;240;188;171m▗[38;2;195;150;132;48;2;235;186;169m▃[38;2;198;157;142;48;2;236;202;185m▖[38;2;215;170;153;48;2;239;206;186m▗[38;2;177;137;124;48;2;227;186;167m▔[38;2;164;126;113;48;2;233;187;172m▎[38;2;82;79;74;48;2;182;178;175m▝[0m[7m[38;2;85;81;75m▐[0m[38;2;46;36;37m    [0m
 [38;2;0;0;0m   [0m [7m[38;2;173;147;136m▘[0m[38;2;194;152;131;48;2;214;171;153m▁[38;2;217;178;153;48;2;233;193;168m▖[38;2;170;141;140;48;2;206;174;151m▗[38;2;202;185;172;48;2;180;139;121m▆[38;2;220;193;170;48;2;197;157;137m▃[38;2;216;202;180m▂[38;2;220;205;192;48;2;191;146;128m▖[38;2;182;137;119;48;2;223;174;155m▎[38;2;198;168;156;48;2;127;99;90m▋[0m[38;2;118;103;97m▎[0m [38;2;45;35;37m   [0m
 [38;2;0;0;0m  [0m [7m[38;2;149;127;120m▋[38;2;195;156;140m▂[0m[38;2;130;108;98;48;2;160;124;107m▁[38;2;177;138;120;48;2;210;173;147m▂[38;2;178;153;133;48;2;226;211;189m▖[38;2;247;229;204;48;2;248;243;220m▀[38;2;236;219;193;48;2;247;234;209m▔[38;2;187;162;154;48;2;244;231;207m▝[38;2;205;184;163;48;2;138;113;112m▆[38;2;220;173;153;48;2;187;143;123m▝[38;2;156;114;100;48;2;169;126;110m▝[0m[7m[38;2;166;135;123m▝[0m [38;2;55;46;44m   [0m
 [38;2;0;0;0m    [38;2;170;158;147m▃[38;2;119;102;94;48;2;226;209;192m▀[38;2;142;117;106;48;2;218;209;195m▀[38;2;171;131;114;48;2;199;187;174m▘[38;2;143;137;130;48;2;218;201;184m▘[38;2;231;228;209;48;2;208;175;162m▔[38;2;187;161;150;48;2;220;185;171m▝[38;2;107;87;76;48;2;173;140;123m▍[38;2;234;220;203;48;2;155;124;111m▃[0m[7m[38;2;153;131;120m▃[0m[38;2;158;142;132m▔[0m [38;2;74;65;64m   [0m
 [38;2;0;0;0m   [0m [38;2;109;96;89;48;2;251;244;224m▎[38;2;254;250;228;48;2;241;224;204m▏[38;2;248;233;213;48;2;253;252;229m▔[38;2;212;209;190;48;2;248;243;221m▔[38;2;251;247;225m▁[38;2;252;250;228;48;2;234;220;200m▅[38;2;237;234;217;48;2;107;101;93m▊[38;2;126;106;96;48;2;240;218;198m▎[38;2;253;252;229;48;2;251;242;221m▆[0m[38;2;235;222;202m▍     [0m
 [38;2;0;0;0m   [38;2;165;132;119m▐[38;2;198;171;158;48;2;145;134;126m▅[38;2;239;227;209;48;2;149;141;132m▔[38;2;140;134;126;48;2;254;253;235m▆[38;2;130;123;117;48;2;241;240;223m▅[38;2;120;115;110;48;2;233;225;206m▅[38;2;226;223;210;48;2;130;123;118m▔[38;2;147;137;130;48;2;97;91;85m▞[38;2;239;226;208;48;2;101;92;82m▀[38;2;77;69;64;48;2;211;206;189m▁[0m [38;2;118;104;96m     [0m
 [38;2;0;0;0m   [7m[38;2;213;180;165m▍[0m[38;2;77;65;58;48;2;197;153;136m▐[38;2;106;99;95;48;2;76;68;64m▕[38;2;109;102;99;48;2;135;128;125m▏[38;2;145;141;136;48;2;125;118;113m▁[38;2;173;169;167;48;2;131;123;119m▁[38;2;152;148;144;48;2;136;129;126m▂[38;2;126;121;118;48;2;64;58;54m▎[38;2;73;64;59;48;2;78;70;64m▗[0m[7m[38;2;67;58;53m▐[0m[38;2;52;43;43m      [0m
 [38;2;0;0;0m   [7m[38;2;164;146;136m▖[0m[38;2;190;169;157;48;2;82;71;67m▎[38;2;114;109;105;48;2;78;72;67m▗[38;2;128;122;117;48;2;99;92;88m▕[38;2;116;109;104;48;2;131;125;121m▀[38;2;144;138;135;48;2;125;119;114m▁[38;2;116;108;104;48;2;73;66;63m▘[38;2;61;54;51;48;2;75;67;62m▏[38;2;58;51;48;48;2;81;73;68m▕[0m [38;2;47;38;38m      [0m
 [38;2;0;0;0m   [0m [38;2;88;79;75;48;2;62;58;57m▔[38;2;136;130;127;48;2;69;65;66m▝[38;2;118;113;109;48;2;90;82;77m▎[38;2;149;145;141;48;2;92;85;79m▔[38;2;145;141;138;48;2;96;90;86m▔[38;2;73;65;60;48;2;57;51;48m▐[38;2;72;63;59;48;2;77;68;63m▗[38;2;93;86;84;48;2;80;72;67m▗[38;2;80;72;71;48;2;141;115;108m▊[0m[38;2;206;173;157m▃[38;2;146;118;110m▂    [0m
  [38;2;53;48;44m▅[38;2;59;54;50m▅[38;2;79;74;75;48;2;57;50;49m▁[38;2;76;76;78;48;2;84;88;99m▏[38;2;88;94;108;48;2;103;108;120m▞[38;2;148;149;155;48;2;77;81;91m▁[38;2;129;129;133;48;2;60;58;62m▁[38;2;48;47;50;48;2;74;67;62m▆[38;2;84;75;71;48;2;72;64;60m▝[38;2;93;102;116;48;2;72;67;68m▗[38;2;72;77;89;48;2;98;104;120m▘[38;2;93;99;114;48;2;86;91;103m▁[38;2;108;102;106;48;2;183;155;143m▍[38;2;175;164;157;48;2;208;171;156m▔[0m[38;2;218;183;170m▖   [0m
 [38;2;0;0;0m [0m [7m[38;2;57;51;48m▅[0m[38;2;123;126;135m▕[38;2;193;173;161;48;2;105;109;119m▗[38;2;243;242;223;48;2;136;136;138m▅[38;2;170;158;151;48;2;223;222;210m▂[38;2;149;110;111;48;2;217;213;201m▃[38;2;154;135;130;48;2;75;67;64m▎[38;2;133;113;104;48;2;79;69;65m▁[38;2;234;231;217;48;2;93;96;105m▂[38;2;238;237;223;48;2;115;120;129m▂[38;2;220;215;201;48;2;100;104;111m▂[38;2;157;142;139;48;2;83;81;86m▖[0m[7m[38;2;174;146;133m▍[0m[38;2;222;181;163;48;2;191;146;127m▞[0m[38;2;123;96;84m▎  [0m
 [38;2;0;0;0m   [0m [38;2;174;147;134m▝[38;2;248;246;228;48;2;139;123;119m▔[38;2;99;70;77;48;2;117;90;93m▆[38;2;99;71;78;48;2;133;97;99m▆[38;2;69;58;57;48;2;76;67;62m▎[38;2;78;68;64;48;2;213;205;191m▋[38;2;253;251;229;48;2;254;252;229m▍[38;2;254;252;231m▔[38;2;238;217;198;48;2;252;247;225m▕[0m[38;2;202;168;153m▘[38;2;157;129;117;48;2;94;85;78m▕[38;2;78;72;68;48;2;196;150;134m▂[0m[7m[38;2;168;135;120m▐[0m [38;2;59;51;51m [0m
 [38;2;0;0;0m     [0m [7m[38;2;72;51;55m▖[0m[38;2;90;63;70;48;2;60;49;49m▘[38;2;60;52;48;48;2;75;66;61m▁[38;2;96;89;85;48;2;70;61;57m▕[38;2;243;242;229;48;2;115;91;90m▀[38;2;110;81;85;48;2;241;239;221m▃[0m[7m[38;2;150;136;127m▗[0m[38;2;126;102;92m▗[38;2;191;152;138;48;2;89;80;74m▃[38;2;209;158;140;48;2;104;86;77m▖[0m[7m[38;2;75;71;67m▁[0m [38;2;47;39;38m [0m
 [38;2;0;0;0m      [0m [38;2;72;51;55;48;2;47;38;39m▐[38;2;79;55;61;48;2;57;46;46m▍[38;2;84;59;65;48;2;57;48;47m▍[38;2;51;40;41;48;2;101;72;78m▍[38;2;67;51;50;48;2;85;59;65m▕[0m [7m[38;2;194;153;137m▍[38;2;227;176;159m▂[0m[38;2;179;134;118m▀[0m [38;2;78;63;58m  [0m
 [38;2;0;0;0m     [0m [38;2;56;40;44;48;2;81;55;62m▋[38;2;90;61;69;48;2;98;68;76m▔[38;2;70;49;54;48;2;92;63;71m▔[38;2;55;35;39;48;2;74;51;57m▃[38;2;91;61;70;48;2;96;66;75m▕[0m[38;2;85;60;65m▍ [0m   [38;2;57;47;45m   [0m
[?25h