[?25l[0m [38;2;0;0;0m                                       [0m
 [38;2;0;0;0m                  [0m  [38;2;44;50;61m                   [0m
 [38;2;0;0;0m                 [0m [38;2;224;234;241m▗[7m[38;2;166;177;186m▝[0m [38;2;44;49;61m                  [0m
 [38;2;0;0;0m                [0m [38;2;222;225;228m▗[38;2;226;232;236;48;2;66;162;214m▘[38;2;198;225;241;48;2;38;149;209m▝[0m[38;2;207;228;242m▖[0m [38;2;44;50;61m                 [0m
 [38;2;0;0;0m                [38;2;203;205;207m▗[38;2;213;215;217;48;2;91;173;219m▘[48;2;31;146;208m  [38;2;213;231;242;48;2;45;151;210m▝[0m[38;2;216;232;242m▖[0m [38;2;44;50;62m                [0m
 [38;2;0;0;0m               [38;2;194;195;198m▗[38;2;31;146;208;48;2;160;197;219m▗[48;2;31;146;208m    [38;2;216;231;241;48;2;47;153;211m▝[0m[38;2;214;231;241m▖[0m [38;2;44;50;62m               [0m
 [38;2;0;0;0m             [0m [38;2;205;206;209m▗[38;2;79;166;216;48;2;214;224;231m▂[38;2;214;232;244;48;2;53;156;212m▃[38;2;89;171;218;48;2;32;146;208m▁[48;2;31;146;208m    [38;2;208;229;242;48;2;42;150;210m▝[0m[38;2;199;225;241m▖[0m [38;2;44;50;61m              [0m
 [38;2;0;0;0m            [0m [38;2;218;223;228m▗[38;2;212;215;218;48;2;78;167;217m▘[48;2;31;146;208m [38;2;130;190;226;48;2;33;147;208m▔[38;2;33;146;208;48;2;170;209;234m▅[38;2;102;176;220;48;2;45;151;210m▘[38;2;39;148;209;48;2;31;146;208m▏   [38;2;187;219;238;48;2;35;147;208m▝[0m[7m[38;2;166;181;193m▝[0m [38;2;53;59;69m             [0m
 [38;2;0;0;0m           [0m [38;2;210;228;240m▗[38;2;218;228;236;48;2;55;156;212m▘[48;2;31;146;208m          [38;2;142;196;229m▝[0m[7m[38;2;174;199;214m▝[0m [38;2;83;88;97m            [0m
 [38;2;0;0;0m          [0m [7m[38;2;164;180;192m▘[0m[38;2;192;221;239;48;2;37;148;209m▘[48;2;31;146;208m     [38;2;42;149;209m▁[38;2;52;152;211m▁     [38;2;101;178;221;48;2;38;149;209m▔[0m[7m[38;2;166;205;227m▝[0m [38;2;102;106;114m           [0m
 [38;2;0;0;0m         [0m [7m[38;2;172;201;219m▘[0m[38;2;128;191;227;48;2;45;152;211m▔[48;2;31;146;208m    [38;2;143;197;229m▗[0m[7m[38;2;143;189;215m▗[38;2;194;202;209m▅[38;2;237;241;245m▆[38;2;146;185;209m▃[0m[38;2;206;225;239;48;2;42;150;210m▖[48;2;31;146;208m    [38;2;65;161;214;48;2;32;146;208m▔[38;2;87;144;177;48;2;188;219;238m▞[0m[38;2;168;170;175m▖          [0m
 [38;2;0;0;0m        [38;2;145;147;153m▗[7m[38;2;153;201;229m▘[0m[38;2;85;170;218;48;2;34;147;208m▔[48;2;31;146;208m    [38;2;35;147;209m▕[0m[7m[38;2;185;211;227m▗[0m [38;2;52;57;67m  [0m [38;2;210;219;226m▐[38;2;156;204;232;48;2;40;150;210m▏[48;2;31;146;208m  [38;2;32;147;208m▕[38;2;112;178;221m▂[38;2;108;176;220m▁[38;2;170;197;215;48;2;70;164;215m▀[0m[38;2;212;216;221m▖[0m [38;2;45;51;63m        [0m
 [38;2;0;0;0m      [0m [38;2;207;210;214m▗[38;2;31;146;208;48;2;156;192;215m▗[38;2;42;150;209;48;2;31;146;208m▔     [38;2;68;156;212m▕[0m[38;2;226;231;235m▋[0m [38;2;45;51;63m   [7m[38;2;215;216;218m▋[0m[38;2;241;246;251;48;2;39;148;209m▎[48;2;31;146;208m   [38;2;39;149;209m▔[38;2;35;147;208;48;2;181;214;236m▆[38;2;170;210;235;48;2;48;153;211m▀[38;2;82;167;217;48;2;206;226;239m▁[0m[38;2;249;249;250m▖[0m [38;2;44;49;61m       [0m
 [38;2;0;0;0m     [0m [38;2;207;227;239m▗[38;2;215;225;231;48;2;59;158;213m▘[48;2;31;146;208m  [38;2;156;201;231;48;2;32;146;208m▁[38;2;228;233;237;48;2;42;150;210m▂[38;2;33;147;208;48;2;159;171;181m▀[38;2;128;130;136;48;2;86;145;180m▖[0m[38;2;142;195;227m▀[7m[38;2;173;211;234m▅[38;2;178;182;188m▅[0m [38;2;43;49;60m   [38;2;168;170;174m▝[7m[38;2;185;216;234m▅[0m[38;2;148;197;226m▀[38;2;112;183;223;48;2;92;124;146m▘[38;2;38;148;209;48;2;155;162;170m▀[38;2;193;213;227;48;2;31;146;208m▃[38;2;194;219;238;48;2;36;148;209m▁[48;2;31;146;208m [38;2;32;146;208m▔[38;2;48;153;211;48;2;189;219;239m▆[0m[7m[38;2;166;185;198m▝[0m [38;2;67;72;82m      [0m
 [38;2;0;0;0m    [0m [7m[38;2;168;187;201m▘[0m[38;2;221;234;245;48;2;89;172;219m▁[38;2;186;192;198;48;2;46;152;211m▃[38;2;117;185;225;48;2;96;129;151m▝[0m[38;2;162;192;212m▀[7m[38;2;214;215;218m▆[0m   [38;2;46;52;63m           [0m  [7m[38;2;194;195;197m▆[38;2;183;212;231m▅[0m[38;2;134;194;228;48;2;90;122;143m▘[38;2;34;147;208;48;2;164;180;192m▀[38;2;193;221;239;48;2;61;159;213m▂[0m[7m[38;2;173;204;223m▝[0m [38;2;109;113;120m     [0m
 [38;2;0;0;0m   [0m [38;2;227;228;229m▝[7m[38;2;218;229;238m▅[38;2;168;170;173m▆[0m  [38;2;45;51;63m                    [0m  [38;2;190;191;194m▔[7m[38;2;207;218;227m▅[38;2;190;192;195m▃[0m [38;2;87;92;100m    [0m
 [38;2;0;0;0m   [0m  [38;2;45;51;63m                            [0m  [38;2;45;51;62m    [0m
 [38;2;0;0;0m                                       [0m
[?25h